202,92,1 200,75,1 225,75,1 250,75,1 275,75,1 300,75,1 325,75,1 350,75,1 375,75,1 400,75,1 425,75,1 450,75,1 475,75,1 500,75,1 525,75,1 550,75,1 575,75,1 600,75,1 575,75,1 550,75,1 525,75,1 500,75,1 475,75,1 450,75,1 450,100,1 450,125,1 450,150,1 450,175,1 450,200,1 450,225,1 450,250,1 450,275,1 450,300,1 450,325,1 425,325,1 400,325,1 375,325,1 350,325,1 325,325,1 325,350,1 325,375,1 325,400,1 325,425,1 325,450,1 325,475,1 325,500,1 325,525,1 325,550,1 325,575,1 325,600,1 325,625,1 325,650,1 325,675,1 325,700,1 325,725,1 325,750,1 325,775,1 344,798,1 
287,94,1 275,75,1 300,75,1 325,75,1 350,75,1 375,75,1 400,75,1 425,75,1 450,75,1 475,75,1 500,75,1 525,75,1 550,75,1 575,75,1 600,75,1 625,75,1 650,75,1 675,75,1 700,75,1 725,75,1 750,75,1 775,75,1 800,75,1 825,75,1 850,75,1 825,75,1 800,75,1 775,75,1 775,100,1 775,125,1 775,150,1 775,175,1 775,200,1 775,225,1 775,250,1 775,275,1 775,300,1 775,325,1 750,325,1 725,325,1 700,325,1 675,325,1 675,350,1 675,375,1 680,390,1 
376,101,1 375,100,1 400,100,1 425,100,1 450,100,1 475,100,1 500,100,1 525,100,1 550,100,1 575,100,1 600,100,1 625,100,1 600,100,1 575,100,1 550,100,1 525,100,1 500,100,1 475,100,1 450,100,1 450,125,1 450,150,1 450,175,1 450,200,1 450,225,1 450,250,1 450,275,1 450,300,1 450,325,1 425,325,1 400,325,1 375,325,1 350,325,1 350,350,1 350,375,1 350,400,1 350,425,1 350,450,1 350,475,1 350,500,1 350,525,1 350,550,1 350,575,1 350,600,1 350,625,1 350,650,1 350,675,1 364,685,1 
442,105,1 425,100,1 450,100,1 475,100,1 500,100,1 525,100,1 550,100,1 575,100,1 575,125,1 550,125,1 525,125,1 500,125,1 475,125,1 450,125,1 450,150,1 450,175,1 450,200,1 450,225,1 450,250,1 450,275,1 450,300,1 450,325,1 425,325,1 400,325,1 375,325,1 350,325,1 325,325,1 300,325,1 275,325,1 250,325,1 225,325,1 225,350,1 225,375,1 233,380,1 
529,116,1 525,100,1 550,100,1 575,100,1 600,100,1 625,100,1 650,100,1 625,100,1 600,100,1 600,125,1 575,125,1 550,125,1 525,125,1 500,125,1 475,125,1 450,125,1 450,150,1 450,175,1 450,200,1 450,225,1 450,250,1 450,275,1 450,300,1 450,325,1 425,325,1 400,325,1 375,325,1 350,325,1 325,325,1 300,325,1 300,350,1 300,375,1 300,378,1 
591,118,1 575,100,1 600,100,1 625,100,1 650,100,1 675,100,1 700,100,1 725,100,1 750,100,1 775,100,1 800,100,1 825,100,1 850,100,1 875,100,1 900,100,1 875,100,1 900,100,1 875,100,1 850,100,1 825,100,1 800,100,1 775,100,1 775,125,1 775,150,1 775,175,1 775,200,1 775,225,1 775,250,1 775,275,1 775,300,1 775,325,1 750,325,1 725,325,1 700,325,1 700,350,1 700,375,1 675,375,1 675,400,1 675,425,1 675,450,1 675,475,1 675,500,1 675,525,1 650,525,1 650,550,1 650,575,1 653,585,1 
664,118,1 650,100,1 675,100,1 700,100,1 725,100,1 750,100,1 775,100,1 800,100,1 825,100,1 850,100,1 875,100,1 900,100,1 900,75,1 875,75,1 850,75,1 825,75,1 800,75,1 775,75,1 775,100,1 775,125,1 775,150,1 775,175,1 775,200,1 775,225,1 775,250,1 775,275,1 775,300,1 775,325,1 750,325,1 725,325,1 700,325,1 675,325,1 650,325,1 650,350,1 650,375,1 650,400,1 650,425,1 650,450,1 650,475,1 650,500,1 650,500,1 625,500,1 650,500,1 650,500,1 671,503,1 
742,118,1 725,100,1 750,100,1 775,100,1 800,100,1 825,100,1 850,100,1 875,100,1 900,100,1 900,125,1 875,125,1 850,125,1 825,125,1 800,125,1 775,125,1 775,150,1 775,175,1 775,200,1 775,225,1 775,250,1 775,275,1 775,300,1 775,325,1 750,325,1 725,325,1 700,325,1 675,325,1 650,325,1 625,325,1 600,325,1 575,325,1 575,350,1 575,375,1 578,385,1 
123,89,1 100,75,1 125,75,1 150,75,1 175,75,1 200,75,1 225,75,1 250,75,1 275,75,1 300,75,1 325,75,1 350,75,1 375,75,1 400,75,1 425,75,1 450,75,1 475,75,1 500,75,1 525,75,1 500,75,1 475,75,1 450,75,1 425,75,1 400,75,1 425,75,1 450,75,1 475,75,1 500,75,1 525,75,1 500,75,1 475,75,1 450,75,1 450,100,1 450,125,1 450,150,1 450,175,1 450,200,1 450,225,1 450,250,1 450,275,1 450,300,1 450,325,1 425,325,1 400,325,1 400,350,1 400,375,1 400,400,1 400,425,1 400,450,1 400,475,1 400,500,1 400,525,1 400,550,1 400,575,1 400,600,1 400,625,1 400,650,1 400,675,1 400,700,1 400,725,1 400,750,1 400,775,1 400,800,1 420,801,1 
45,283,1 25,275,1 50,275,1 75,275,1 100,275,1 125,275,1 150,275,1 175,275,1 200,275,1 225,275,1 250,275,1 275,275,1 250,275,1 225,275,1 200,275,1 175,275,1 150,275,1 150,300,1 150,325,1 150,350,1 150,375,1 150,400,1 150,425,1 150,450,1 150,475,1 150,500,1 150,525,1 150,550,1 150,575,1 175,575,1 200,575,1 225,575,1 250,575,1 275,575,1 293,598,1 
43,356,1 25,350,1 50,350,1 75,350,1 100,350,1 125,350,1 150,350,1 125,350,1 150,350,1 125,350,1 150,350,1 125,350,1 150,350,1 125,350,1 100,350,1 100,325,1 100,300,1 125,300,1 100,300,1 125,300,1 150,300,1 150,275,1 175,275,1 200,275,1 225,275,1 250,275,1 275,275,1 300,275,1 325,275,1 350,275,1 375,275,1 400,275,1 425,275,1 450,275,1 475,275,1 475,300,1 475,325,1 475,350,1 475,375,1 500,375,1 525,375,1 550,375,1 550,400,1 550,425,1 575,425,1 600,425,1 625,425,1 625,450,1 625,475,1 625,500,1 625,525,1 625,550,1 625,575,1 625,600,1 625,625,1 650,625,1 650,650,1 650,675,1 662,676,1 
40,443,1 25,425,1 50,425,1 75,425,1 100,425,1 125,425,1 150,425,1 125,425,1 150,425,1 125,425,1 150,425,1 125,425,1 150,425,1 125,425,1 150,425,1 125,425,1 150,425,1 150,450,1 150,475,1 150,500,1 150,525,1 150,550,1 150,575,1 175,575,1 200,575,1 225,575,1 250,575,1 275,575,1 275,550,1 275,525,1 275,500,1 275,475,1 275,450,1 291,463,1 
38,521,1 25,500,1 50,500,1 75,500,1 75,525,1 75,550,1 100,550,1 125,550,1 150,550,1 150,575,1 175,575,1 200,575,1 200,550,1 200,525,1 225,525,1 225,500,1 225,475,1 250,475,1 250,450,1 250,425,1 250,400,1 250,375,1 250,350,1 275,350,1 300,350,1 325,350,1 350,350,1 350,350,1 375,350,1 400,350,1 425,350,1 450,350,1 425,350,1 400,350,1 375,350,1 375,375,1 375,400,1 350,400,1 350,425,1 350,425,1 375,425,1 400,425,1 400,450,1 375,450,1 400,450,1 425,450,1 400,450,1 375,450,1 350,450,1 375,450,1 350,450,1 325,450,1 325,475,1 325,500,1 325,525,1 340,526,1 
30,611,1 25,600,1 25,575,1 25,550,1 50,550,1 50,525,1 50,500,1 50,475,1 75,475,1 75,450,1 75,425,1 75,400,1 75,375,1 75,350,1 75,325,1 75,300,1 75,275,1 100,275,1 125,275,1 150,275,1 175,275,1 200,275,1 225,275,1 250,275,1 275,275,1 300,275,1 325,275,1 350,275,1 350,250,1 325,250,1 325,225,1 300,225,1 325,225,1 350,225,1 375,225,1 400,225,1 425,225,1 400,225,1 425,225,1 450,225,1 450,250,1 450,275,1 450,300,1 450,325,1 425,325,1 400,325,1 400,350,1 400,375,1 400,400,1 400,425,1 400,450,1 400,475,1 400,500,1 400,525,1 415,526,1 
41,709,1 25,700,1 50,700,1 75,700,1 100,700,1 125,700,1 125,675,1 125,650,1 150,650,1 150,625,1 150,600,1 150,575,1 150,550,1 125,550,1 125,525,1 125,500,1 125,475,1 125,450,1 125,425,1 125,400,1 125,375,1 125,350,1 125,325,1 125,300,1 150,300,1 150,275,1 175,275,1 200,275,1 225,275,1 250,275,1 275,275,1 300,275,1 325,275,1 350,275,1 375,275,1 400,275,1 425,275,1 450,275,1 475,275,1 500,275,1 475,275,1 475,300,1 475,275,1 475,275,1 450,275,1 425,275,1 450,275,1 475,275,1 500,275,1 475,275,1 475,300,1 475,325,1 475,350,1 475,375,1 475,400,1 475,425,1 475,450,1 475,475,1 475,500,1 475,525,1 490,526,1 
36,807,1 25,800,1 50,800,1 75,800,1 100,800,1 125,800,1 150,800,1 125,800,1 150,800,1 125,800,1 150,800,1 125,800,1 150,800,1 125,800,1 150,800,1 125,800,1 150,800,1 125,800,1 150,800,1 125,800,1 150,800,1 125,800,1 150,800,1 150,775,1 150,750,1 150,725,1 150,700,1 150,675,1 150,650,1 150,625,1 150,600,1 175,600,1 200,600,1 225,600,1 250,600,1 250,575,1 250,550,1 275,550,1 300,550,1 325,550,1 325,525,1 350,525,1 375,525,1 400,525,1 425,525,1 450,525,1 475,525,1 500,525,1 525,525,1 550,525,1 565,526,1 
45,107,1 25,100,1 50,100,1 75,100,1 100,100,1 125,100,1 150,100,1 175,100,1 200,100,1 225,100,1 250,100,1 275,100,1 300,100,1 325,100,1 350,100,1 375,100,1 400,100,1 425,100,1 400,100,1 425,100,1 450,100,1 475,100,1 500,100,1 525,100,1 550,100,1 525,100,1 500,100,1 525,100,1 550,100,1 575,100,1 600,100,1 625,100,1 650,100,1 625,100,1 600,100,1 575,100,1 550,100,1 525,100,1 500,100,1 475,100,1 450,100,1 450,125,1 450,150,1 450,175,1 450,200,1 450,225,1 450,250,1 450,250,1 450,275,1 450,300,1 450,325,1 450,350,1 450,375,1 450,400,1 450,425,1 450,450,1 450,475,1 450,500,1 450,525,1 450,550,1 450,575,1 450,600,1 450,625,1 450,650,1 450,675,1 450,700,1 450,725,1 475,725,1 475,750,1 475,775,1 475,800,1 498,805,1 
824,190,1 800,175,1 825,175,1 850,175,1 875,175,1 900,175,1 875,175,1 900,175,1 875,175,1 900,175,1 875,175,1 900,175,1 875,175,1 900,175,1 875,175,1 900,175,1 875,175,1 900,175,1 875,175,1 900,175,1 875,175,1 850,175,1 825,175,1 800,175,1 800,200,1 800,225,1 800,250,1 800,275,1 800,300,1 800,325,1 800,350,1 775,350,1 775,375,1 775,400,1 750,400,1 725,400,1 700,400,1 700,425,1 700,450,1 700,475,1 700,500,1 700,525,1 700,550,1 675,550,1 675,575,1 675,600,1 675,625,1 650,625,1 625,625,1 600,625,1 600,650,1 575,650,1 550,650,1 525,650,1 500,650,1 475,650,1 450,650,1 425,650,1 400,650,1 375,650,1 350,650,1 325,650,1 300,650,1 275,650,1 250,650,1 250,650,1 250,675,1 250,700,1 250,725,1 250,750,1 250,775,1 250,800,1 269,800,1 
822,280,1 800,275,1 825,275,1 850,275,1 875,275,1 900,275,1 875,275,1 900,275,1 875,275,1 900,275,1 875,275,1 900,275,1 875,275,1 850,275,1 825,275,1 800,275,1 775,275,1 775,300,1 775,325,1 750,325,1 725,325,1 700,325,1 675,325,1 650,325,1 625,325,1 600,325,1 575,325,1 550,325,1 525,325,1 500,325,1 500,350,1 500,375,1 500,400,1 500,425,1 500,450,1 500,475,1 500,500,1 500,525,1 500,550,1 500,575,1 500,600,1 500,625,1 500,650,1 475,650,1 475,675,1 480,681,1 
817,360,1 800,350,1 825,350,1 800,350,1 800,325,1 825,325,1 825,300,1 850,300,1 875,300,1 875,300,1 850,300,1 825,300,1 800,300,1 775,300,1 775,275,1 750,275,1 725,275,1 750,275,1 750,250,1 750,225,1 775,225,1 775,250,1 775,275,1 750,275,1 725,275,1 750,275,1 725,275,1 750,275,1 725,275,1 700,275,1 675,275,1 650,275,1 625,275,1 625,275,1 625,250,1 650,250,1 675,250,1 650,250,1 625,250,1 600,250,1 575,250,1 550,250,1 525,250,1 500,250,1 475,250,1 475,275,1 475,300,1 450,300,1 450,325,1 425,325,1 400,325,1 375,325,1 350,325,1 325,325,1 300,325,1 275,325,1 275,350,1 275,375,1 275,400,1 275,425,1 250,425,1 250,450,1 250,475,1 250,500,1 250,525,1 250,550,1 250,575,1 250,600,1 250,625,1 250,650,1 250,675,1 267,691,1 
820,438,1 800,425,1 775,425,1 750,425,1 750,450,1 750,475,1 725,475,1 700,475,1 675,475,1 650,475,1 650,500,1 650,525,1 650,550,1 650,575,1 650,600,1 650,625,1 650,650,1 650,675,1 650,700,1 650,725,1 650,750,1 650,775,1 650,800,1 650,800,1 625,800,1 600,800,1 575,800,1 550,800,1 525,800,1 500,800,1 500,775,1 525,775,1 525,775,1 500,775,1 475,775,1 450,775,1 450,800,1 475,800,1 500,800,1 475,800,1 450,800,1 425,800,1 400,800,1 400,775,1 425,775,1 425,775,1 400,775,1 400,750,1 400,725,1 400,700,1 400,675,1 400,650,1 375,650,1 375,625,1 375,600,1 375,575,1 391,596,1 
822,534,1 800,525,1 775,525,1 775,500,1 775,475,1 775,450,1 750,450,1 750,450,1 750,425,1 750,400,1 725,400,1 725,400,1 700,400,1 675,400,1 650,400,1 625,400,1 600,400,1 575,400,1 550,400,1 525,400,1 500,400,1 500,375,1 525,375,1 550,375,1 575,375,1 600,375,1 625,375,1 650,375,1 675,375,1 650,375,1 625,375,1 600,375,1 600,400,1 600,425,1 575,425,1 550,425,1 525,425,1 500,425,1 475,425,1 475,450,1 475,475,1 475,500,1 475,525,1 475,550,1 475,575,1 476,596,1 
822,625,1 800,625,1 825,625,1 850,625,1 875,625,1 850,625,1 825,625,1 800,625,1 775,625,1 750,625,1 750,650,1 725,650,1 700,650,1 675,650,1 650,650,1 625,650,1 600,650,1 575,650,1 550,650,1 550,675,1 564,680,1 
824,743,1 800,725,1 825,725,1 850,725,1 875,725,1 850,725,1 825,725,1 800,725,1 775,725,1 750,725,1 725,725,1 700,725,1 675,725,1 650,725,1 625,725,1 600,725,1 575,725,1 575,700,1 575,675,1 575,650,1 550,650,1 550,625,1 550,600,1 565,601,1 
47,185,1 25,175,1 50,175,1 75,175,1 100,175,1 125,175,1 150,175,1 175,175,1 200,175,1 225,175,1 250,175,1 275,175,1 300,175,1 325,175,1 350,175,1 375,175,1 400,175,1 425,175,1 400,175,1 425,175,1 400,175,1 425,175,1 400,175,1 425,175,1 450,175,1 475,175,1 500,175,1 525,175,1 550,175,1 575,175,1 600,175,1 625,175,1 650,175,1 675,175,1 700,175,1 725,175,1 750,175,1 775,175,1 800,175,1 825,175,1 800,175,1 775,175,1 775,200,1 775,225,1 775,250,1 775,275,1 775,300,1 775,325,1 750,325,1 725,325,1 700,325,1 675,325,1 650,325,1 625,325,1 625,350,1 625,375,1 625,400,1 625,425,1 600,425,1 600,450,1 600,475,1 600,500,1 600,525,1 600,550,1 600,575,1 600,600,1 600,625,1 600,650,1 600,675,1 600,700,1 600,725,1 600,750,1 600,775,1 600,800,1 604,801,1 
826,121,1 825,100,1 850,100,1 875,100,1 900,100,1 875,100,1 900,100,1 900,75,1 875,75,1 900,75,1 875,75,1 850,75,1 825,75,1 800,75,1 775,75,1 775,100,1 800,100,1 825,100,1 800,100,1 800,125,1 800,150,1 800,175,1 800,200,1 800,225,1 800,250,1 800,275,1 800,300,1 800,325,1 800,350,1 775,350,1 775,375,1 775,400,1 750,400,1 725,400,1 700,400,1 675,400,1 675,425,1 675,450,1 675,475,1 675,500,1 675,525,1 675,550,1 675,575,1 675,600,1 675,625,1 675,650,1 675,675,1 675,700,1 675,725,1 675,750,1 675,775,1 684,798,1 
